-35.8596
42.5758
425.88
-45.616
47.8101
428.92
-56.4266
50.1725
433.2
-66.3703
49.8231
438.92
-74.0958
44.0713
444.92
-7.2903
44.222
424.56
1.60752
50.7741
423.72
12.5297
53.9124
426.6
23.1281
54.2307
432.72
32.6625
49.532
443.52
-38.1955
26.8265
440.12
-43.5158
29.917
437.72
-49.9191
31.2361
436.92
-56.3217
30.1837
439.4
-61.9464
27.5117
444.64
-56.0701
24.4282
443.24
-49.941
23.508
442
-43.6664
24.3668
440.4
-1.28162
28.4595
437.36
3.74379
32.5564
433.68
9.8678
34.1383
430.28
16.1063
33.4578
430.6
21.9993
31.2717
435.88
16.4165
27.6197
432.52
10.6673
26.0571
434.76
4.80948
26.3845
437.04
-20.1075
28.8809
427.04
-18.8187
16.7232
420.48
-17.7266
5.19278
413.44
-16.9832
-6.08674
407.32
-31.1676
-12.4291
423.48
-15.569
-17.5513
423.28
-1.79019
-9.58116
424.4
-39.7088
-32.0713
442.68
-30.2346
-29.981
431.72
-21.5934
-28.846
427.96
-14.3961
-28.9847
427.48
-7.15084
-27.4714
428.12
1.13311
-27.751
431.6
10.8068
-28.2317
437.08
3.57292
-36.3183
435.04
-4.04613
-40.5444
431.6
-12.1874
-42.2451
431.4
-21.0333
-41.4333
430.88
-30.027
-38.3932
433.92
-33.719
-32.6932
436.64
-22.9866
-33.6308
429.16
-13.8747
-33.8937
428.24
-5.35038
-32.1033
429
4.48437
-30.0146
434.08
-4.42989
-32.7187
429.48
-13.1259
-34.7952
428.48
-22.6644
-34.5639
429.56
-82.4037
27.057
477.32
-77.4457
8.29758
456.435
-73.4042
-8.95124
455.84
-67.4751
-26.8696
451.333
-61.0374
-43.5338
465.273
-49.7235
-55.7255
459.231
-37.7531
-67.3252
471.875
-22.6621
-78.9865
492.435
-4.06972
-85.1286
512.56
13.245
-80.9406
518.08
25.1925
-68.8982
513.68
31.6569
-51.3018
482.16
38.8599
-35.8141
480.2
37.627
-16.3134
447.85
45.569
4.65338
483.8
42.3084
21.5897
456.435
42.6133
39.2856
460.409
-46.1504
42.1466
430.64
-56.2439
44.2119
433.52
-64.4948
44.3128
436.52
4.11253
44.8931
425.04
14.4348
47.6288
426.64
23.0331
48.5944
431.68
-48.9506
27.5956
439.32
9.55814
30.1209
432.44
