-56.1273
30.8425
287.4
-65.5527
35.0778
290.08
-75.202
35.3023
295.24
-85.2597
32.99
301.88
-91.5653
24.7666
308.68
-30.209
36.8038
284.28
-21.85
43.7239
285.4
-11.0922
46.8889
287.92
0.595775
46.4617
291.96
10.1058
39.328
296.44
-56.2857
15.9939
297.2
-63.4802
18.5459
296.28
-70.8003
18.7107
296.16
-77.7485
16.4405
299.8
-82.4767
12.0394
307.16
-76.7749
10.1397
303.08
-69.468
10.4049
298.92
-62.2258
12.5281
297.96
-24.3196
21.0271
295.2
-19.1665
25.8255
293.64
-12.1959
28.1403
289.68
-4.41194
27.5941
289.8
3.05934
24.7478
293.56
-3.06622
20.5638
290.32
-10.5187
18.5762
291.24
-17.9119
19.1034
294.64
-41.2591
22.5543
285.2
-39.7495
10.3735
272.84
-38.5755
-0.860459
263.64
-37.2444
-10.6852
255.52
-48.7266
-21.1586
274.28
-34.8655
-22.0497
266.48
-21.6637
-17.4681
269.2
-54.3421
-47.5645
286.6
-48.0992
-41.2075
280.16
-41.2732
-36.6661
273.92
-32.4845
-35.9712
271.4
-24.0163
-34.1084
271.28
-15.4093
-35.9459
273.4
-6.5524
-39.3964
278.68
-13.5312
-43.448
275.52
-21.7806
-46.7658
271.44
-30.0636
-49.1749
271.36
-38.2907
-49.3516
272.76
-46.7954
-48.8719
281
-51.5389
-46.0883
285.56
-41.0914
-41.554
274.52
-31.6778
-40.4499
271.88
-22.1858
-39.2133
271.92
-9.87474
-39.5901
277.36
-22.0055
-39.9256
271.92
-31.3318
-41.5796
271.96
-40.4515
-42.5664
274.92
-100.089
10.4152
340
-92.8462
-5.9934
316.438
-86.5359
-21.3236
303.778
-82.8345
-37.2401
305.412
-79.9463
-53.9199
313.875
-69.705
-67.3957
304.533
-56.0916
-77.4837
297.773
-40.5741
-79.5983
278.944
-23.005
-84.7787
291.48
-6.04473
-77.6485
284.32
8.7092
-70.0402
293.72
20.8385
-58.8134
304
29.2807
-44.296
316.48
34.5103
-28.538
337.32
31.1573
-8.63637
321.88
28.6867
10.162
316.12
28.3276
29.4916
330.84
-64.8455
28.2069
291.52
-74.0182
27.9974
294.92
-83.1023
27.0362
298.48
-20.61
36.7541
285.2
-10.3082
39.4131
286.04
1.07298
40.1736
290.2
-71.2635
14.3462
298.12
-13.4027
23.1253
291.92
