-94.2886
11.1469
356.6
-104.208
14.2772
361.2
-114.226
13.4104
366.44
-129.49
13.435
392.25
-148.772
8.34921
433.04
-64.6865
15.1836
349.24
-55.7454
22.5656
350.8
-44.4789
26.4864
353.6
-33.2213
26.1476
357.08
-23.5532
20.348
358
-97.2747
-6.42728
367.68
-101.363
-2.98345
366.28
-103.611
-1.57117
357
-109.501
-2.87037
362
-116.027
-7.50567
373.84
-112.516
-9.46064
373.88
-107.456
-9.56627
370.56
-102.438
-8.81616
368.8
-57.4705
-1.13959
364.44
-52.9269
4.25792
361.2
-47.3281
6.74133
357.6
-40.8405
5.90043
353.12
-35.4545
3.14141
357.28
-40.7279
-0.573958
355.92
-46.4263
-1.96074
357.48
-52.125
-1.95372
361.333
-76.542
-3.35899
351.68
-75.8963
-13.8139
342.04
-75.9627
-23.9034
334.72
-74.5412
-33.4833
325.04
-88.6166
-44.4475
351.474
-71.6511
-43.0632
326.36
-58.6111
-38.5965
339.2
-88.0022
-70.0014
359.04
-82.8009
-62.4389
348.56
-77.5367
-57.4147
344.24
-70.8876
-57.087
340.32
-64.1603
-55.5623
339.04
-56.0218
-58.0594
341.92
-46.9374
-59.7207
345.52
-53.0931
-67.6336
343.6
-59.8796
-70.5309
340.36
-66.0245
-71.7269
340.04
-72.2708
-72.0416
341.2
-79.0486
-70.9827
346.16
-82.1973
-66.6429
350.64
-76.2544
-64.3061
344.44
-69.4651
-63.1762
340.12
-62.3267
-62.1278
339.12
-53.3231
-62.5416
344.72
-61.0595
-62.527
339.52
-68.1861
-63.6362
339.92
-74.9084
-64.1982
342.84
-150.276
-16.8767
442.84
-149.345
-36.493
447.8
-143.781
-55.4077
444.2
-136.318
-71.4834
442.533
-126.742
-86.7944
431.786
-116.031
-102.776
429.6
-98.0086
-109.488
406.714
-70.6974
-99.6178
342
-58.4987
-104.118
351.357
-43.1069
-97.8316
347.7
-29.0285
-92.8484
358.92
-15.7052
-81.7688
360.318
-6.22338
-68.6534
365.84
-2.44654
-52.4569
372.68
-3.04244
-36.8361
371.04
-2.30049
-17.8651
360.08
-3.22008
0.0535113
365.32
-103.907
7.45898
362.68
-113.729
6.81825
366.64
-121.802
6.49308
371.429
-54.1133
15.9084
351.8
-43.4896
19.0421
352
-33.548
19.1766
354.64
-105.212
-5.25467
366
-48.1629
3.13561
357.96
